Metrics
RMSE: 1.94
MAE: 1.5005755210990337
MBE: 0.2507227754467297
R2: 0.88
--------------------------------------
