Metrics
RMSE: 2.21
MAE: 1.6948894941918204
MBE: 0.6756708751214995
R2: 0.89
--------------------------------------
