Metrics
RMSE: 1.8
MAE: 1.197776168106494
MBE: -0.26086719595864033
R2: 0.9
--------------------------------------
